1 9.31323e-10 -3.27418e-11 0 -9.31323e-10 1 -4.65661e-10 7.45058e-09 1.09139e-11 -9.31323e-10 1 0
0.999991 -0.00316351 -0.00274942 -0.00135393 0.00316045 0.999994 -0.00111659 -0.0248245 0.00275294 0.00110789 0.999996 0.672716
0.999969 -0.00274641 -0.00740973 -0.00497909 0.00272564 0.999992 -0.00281192 -0.0381271 0.0074174 0.00279163 0.999969 1.37469
0.999925 -0.00226129 -0.0120078 -0.0149304 0.0022199 0.999992 -0.00345849 -0.0500735 0.0120155 0.00343158 0.999922 2.08592
0.999855 -0.00103747 -0.0170278 -0.0315576 0.000971246 0.999992 -0.00389727 -0.0597511 0.0170317 0.00388016 0.999847 2.81254
0.999759 -0.00222044 -0.0218404 -0.0495894 0.00213642 0.99999 -0.0038696 -0.0735588 0.0218488 0.003822 0.999754 3.55139
0.99969 -0.000911992 -0.0248676 -0.0810928 0.000785158 0.999987 -0.00510963 -0.0882149 0.024872 0.00508852 0.999678 4.31233
0.999573 0.00254257 -0.0291203 -0.110765 -0.00272044 0.999978 -0.00607018 -0.105792 0.0291042 0.00614681 0.999558 5.08088
0.999438 0.00434114 -0.0332473 -0.142767 -0.00450281 0.999978 -0.00478932 -0.11819 0.0332258 0.00493634 0.999436 5.87572
0.999253 0.00411408 -0.0384275 -0.178263 -0.00420248 0.999989 -0.00221999 -0.130267 0.0384179 0.00237982 0.999259 6.68287
0.99914 0.00316445 -0.0413488 -0.210747 -0.00314262 0.999995 0.000592886 -0.147616 0.0413505 -0.000462433 0.999145 7.4899
0.999058 0.00415894 -0.043206 -0.262974 -0.00415197 0.999991 0.000250934 -0.160833 0.0432067 -7.13076e-05 0.999066 8.3076
0.998902 0.00440742 -0.0466352 -0.299289 -0.00442604 0.99999 -0.000295968 -0.172621 0.0466335 0.000502053 0.998912 9.12611
0.998803 0.0019614 -0.0488846 -0.344714 -0.00199714 0.999998 -0.000682205 -0.188522 0.0488832 0.000779017 0.998804 9.97755
0.998667 0.00153675 -0.0515914 -0.38546 -0.00154299 0.999999 -8.11308e-05 -0.199615 0.0515912 0.000160627 0.998668 10.8113
0.998627 -0.000793846 -0.052385 -0.441211 0.000753575 0.999999 -0.000788476 -0.216378 0.0523856 0.000747916 0.998627 11.671
0.998523 0.00138179 -0.0543057 -0.492094 -0.00152752 0.999995 -0.00264212 -0.23077 0.0543018 0.00272117 0.998521 12.528
0.998391 0.00284429 -0.056632 -0.538914 -0.0031681 0.999979 -0.00562889 -0.251279 0.0566148 0.00579925 0.998379 13.3993
0.99828 0.00672065 -0.0582482 -0.604149 -0.00713485 0.999951 -0.00690587 -0.263994 0.0581989 0.00730958 0.998278 14.2792
0.99822 0.00787007 -0.0591167 -0.662702 -0.00829494 0.999942 -0.00694507 -0.281518 0.0590586 0.00742308 0.998227 15.1595
0.998132 0.00729432 -0.0606564 -0.721128 -0.00763461 0.999956 -0.00538031 -0.30285 0.0606145 0.00583335 0.998144 16.0523
0.998087 0.0068953 -0.0614387 -0.780393 -0.00715905 0.999966 -0.00407378 -0.320274 0.0614085 0.00450583 0.998103 16.9488
0.998 0.00721622 -0.0627985 -0.837816 -0.00746309 0.999965 -0.00369753 -0.344831 0.0627696 0.00415881 0.998019 17.8632
0.997975 0.00719289 -0.0631945 -0.910152 -0.00751719 0.99996 -0.00489542 -0.358844 0.0631567 0.00536056 0.997989 18.7718
0.997896 0.00594776 -0.0645668 -0.966439 -0.00627983 0.999968 -0.00494123 -0.382531 0.0645354 0.00533631 0.997901 19.6786
0.997795 0.00577941 -0.0661228 -1.02823 -0.00600119 0.999977 -0.00315596 -0.401862 0.066103 0.00354581 0.997807 20.6077
0.997893 0.00672229 -0.064535 -1.09595 -0.00671921 0.999977 0.000264697 -0.41501 0.0645353 0.000169486 0.997916 21.5416
0.997889 0.00736149 -0.0645191 -1.15654 -0.00712305 0.999967 0.00392487 -0.431853 0.0645459 -0.00345702 0.997909 22.486
0.997964 0.00639004 -0.063465 -1.21841 -0.00596684 0.999959 0.00685551 -0.442871 0.0635062 -0.00646287 0.997961 23.4278
0.998111 0.00562091 -0.0611728 -1.28023 -0.00514873 0.999956 0.00787369 -0.453581 0.0612143 -0.00754385 0.998096 24.3616
0.998231 0.00642274 -0.0591148 -1.34392 -0.00616383 0.999971 0.0045612 -0.466575 0.0591424 -0.00418876 0.998241 25.3199
0.998282 0.00779483 -0.0580795 -1.40071 -0.00778904 0.99997 0.000326085 -0.477315 0.0580802 0.000126858 0.998312 26.257
0.998335 0.00705148 -0.0572591 -1.45703 -0.00723358 0.999969 -0.00297362 -0.491856 0.0572364 0.00338285 0.998355 27.2271
0.998433 0.00459208 -0.055782 -1.51767 -0.00472915 0.999986 -0.00232548 -0.50883 0.0557705 0.00258563 0.99844 28.1904
0.998455 0.00192273 -0.0555364 -1.56726 -0.00176222 0.999994 0.00293892 -0.523495 0.0555417 -0.00283651 0.998452 29.1722
0.998388 -0.00243203 -0.0567028 -1.62289 0.00278553 0.999977 0.00615612 -0.536925 0.0566865 -0.00630415 0.998372 30.1338
0.99831 -0.010293 -0.0572001 -1.67026 0.0106345 0.999927 0.0056693 -0.554943 0.0571376 -0.00626801 0.998347 31.1272
0.998242 -0.0116989 -0.0581134 -1.72942 0.0118201 0.999929 0.001743 -0.568336 0.0580889 -0.00242685 0.998309 32.0948
0.998181 -0.0119291 -0.0591013 -1.78559 0.0118132 0.999928 -0.00230998 -0.58309 0.0591246 0.0016076 0.998249 33.0551
0.998083 -0.0113993 -0.0608387 -1.85256 0.0112278 0.999932 -0.00316009 -0.595987 0.0608706 0.00247095 0.998143 34.0553
0.998019 -0.0127525 -0.0616142 -1.91824 0.0126755 0.999918 -0.00164082 -0.620186 0.0616301 0.000856579 0.998099 35.0587
0.997949 -0.0103809 -0.063167 -1.98531 0.0104592 0.999945 0.000908988 -0.631125 0.0631541 -0.0015678 0.998003 36.0639
0.997906 -0.0088611 -0.0640781 -2.05741 0.00904412 0.999956 0.00256674 -0.65088 0.0640525 -0.0031409 0.997942 37.0672
0.997805 -0.00894434 -0.0656137 -2.12636 0.00927521 0.999946 0.00473984 -0.663418 0.0655677 -0.00533801 0.997834 38.0651
0.99784 -0.00876153 -0.0651102 -2.1952 0.00930696 0.999924 0.00807844 -0.685399 0.0650344 -0.00866697 0.997845 39.0527
0.997829 -0.00381802 -0.0657447 -2.27451 0.00448825 0.999939 0.0100498 -0.685963 0.0657024 -0.010323 0.997786 40.0773
0.99781 -0.00275662 -0.0660915 -2.34383 0.00340334 0.999947 0.00967459 -0.703293 0.0660613 -0.00987833 0.997767 41.05
0.997798 -0.00359999 -0.0662247 -2.41144 0.0041482 0.999958 0.00814243 -0.713981 0.0661926 -0.00839922 0.997772 42.037
0.99781 -0.000254127 -0.0661464 -2.48351 0.000620766 0.999985 0.00552236 -0.728916 0.0661439 -0.00555133 0.997795 43.0425
0.997754 -0.00130684 -0.0669684 -2.55487 0.00168814 0.999983 0.0056374 -0.740186 0.0669598 -0.00573779 0.997739 44.0188
0.997681 -0.00357543 -0.0679717 -2.62545 0.00403853 0.99997 0.00667684 -0.755806 0.0679458 -0.00693586 0.997665 45.0077
0.99764 -0.00335839 -0.0685725 -2.69544 0.00389373 0.999963 0.00767471 -0.768872 0.0685442 -0.00792361 0.997617 46.0096
0.997565 -0.00123463 -0.0697357 -2.77052 0.0016 0.999985 0.00518384 -0.792382 0.0697283 -0.00528279 0.997552 46.9759
0.997559 0.000696271 -0.0698316 -2.84798 -0.000698756 1 -1.1168e-05 -0.802833 0.0698315 5.99353e-05 0.997559 47.9605
0.997508 0.000865036 -0.070545 -2.92206 -0.000940669 0.999999 -0.00103893 -0.821567 0.070544 0.0011027 0.997508 48.9308
0.997435 -0.000194928 -0.0715816 -2.9899 0.00034285 0.999998 0.0020542 -0.836634 0.071581 -0.00207347 0.997433 49.8995
0.997431 -0.00356009 -0.071547 -3.06386 0.00399547 0.999974 0.00594307 -0.859361 0.071524 -0.00621367 0.99742 50.8856
0.997345 -0.00430948 -0.0726902 -3.13404 0.00479924 0.999967 0.00656438 -0.871029 0.0726595 -0.00689581 0.997333 51.8435
0.997316 -0.00780673 -0.072808 -3.21012 0.00821893 0.999952 0.00536358 -0.8879 0.0727626 -0.00594758 0.997332 52.795
0.997334 -0.0105258 -0.0722033 -3.27748 0.0108416 0.999933 0.00398328 -0.91042 0.0721565 -0.00475546 0.997382 53.7668
0.997244 -0.0114504 -0.0733027 -3.34488 0.0118325 0.999919 0.00477994 -0.922243 0.0732419 -0.00563412 0.997298 54.7008
0.997102 -0.0144808 -0.0746911 -3.412 0.0152 0.999843 0.00907045 -0.933155 0.0745481 -0.0101795 0.997166 55.6732
0.997015 -0.0167858 -0.0753622 -3.48014 0.0178756 0.999745 0.0138093 -0.952681 0.0751112 -0.0151152 0.997061 56.6156
0.996993 -0.0151962 -0.0759954 -3.55496 0.0164605 0.999736 0.0160382 -0.953263 0.0757316 -0.0172409 0.996979 57.5487
0.996903 -0.0142699 -0.0773315 -3.63804 0.0153079 0.9998 0.0128472 -0.963086 0.0771328 -0.0139912 0.996923 58.5079
0.996821 -0.0116009 -0.0788257 -3.7137 0.0120458 0.999914 0.00517135 -0.97557 0.0787589 -0.00610443 0.996875 59.4006
0.996771 -0.00989424 -0.0796918 -3.79413 0.00991433 0.999951 -0.000143457 -0.997934 0.0796893 -0.000647099 0.99682 60.3137
0.996708 -0.0050915 -0.0809163 -3.87702 0.00511132 0.999987 3.77698e-05 -1.00663 0.0809151 -0.000451236 0.996721 61.2263
0.996687 -0.00289034 -0.0812824 -3.95914 0.00311327 0.999992 0.00261602 -1.02783 0.0812741 -0.00286041 0.996688 62.103
0.996569 -0.00103744 -0.0827572 -4.04281 0.00139599 0.99999 0.00427474 -1.04945 0.082752 -0.0043756 0.996561 63.0118
0.996563 0.000796199 -0.0828337 -4.1186 -0.000452081 0.999991 0.00417302 -1.06532 0.0828363 -0.00412123 0.996555 63.8758
0.996407 0.0018854 -0.0846699 -4.19503 -0.00149724 0.999988 0.0046477 -1.08189 0.0846777 -0.00450423 0.996398 64.7211
0.996322 0.00266493 -0.0856453 -4.27192 -0.00224943 0.999985 0.00494754 -1.09964 0.0856572 -0.00473669 0.996314 65.5679
0.996179 0.00265023 -0.0872909 -4.35055 -0.0021461 0.999981 0.00586865 -1.11719 0.0873048 -0.00565889 0.996166 66.3845
0.996031 0.00294538 -0.0889572 -4.42133 -0.002348 0.999974 0.00681928 -1.13311 0.088975 -0.00658334 0.996012 67.1856
0.995852 0.00524193 -0.0908334 -4.50573 -0.00441681 0.999947 0.00928256 -1.14447 0.0908772 -0.00884287 0.995823 68.0131
0.995761 0.00644141 -0.0917575 -4.59581 -0.00526771 0.999901 0.0130279 -1.15296 0.0918323 -0.0124893 0.995696 68.794
0.995597 0.00812973 -0.0933844 -4.67173 -0.00675545 0.999864 0.0150231 -1.16186 0.0934938 -0.0143261 0.995517 69.5627
0.995499 0.0111989 -0.094111 -4.75593 -0.0101958 0.999886 0.0111322 -1.17652 0.094225 -0.0101226 0.9955 70.2997
0.995339 0.0122633 -0.0956595 -4.83011 -0.0119615 0.999922 0.00372727 -1.19068 0.0956977 -0.00256567 0.995407 71.0316
0.995267 0.0110879 -0.0965503 -4.90463 -0.0113669 0.999933 -0.00234034 -1.20736 0.0965179 0.00342674 0.995325 71.7362
0.995199 0.0133978 -0.096953 -4.97724 -0.0138503 0.999896 -0.00399557 -1.21767 0.0968894 0.00531921 0.995281 72.4157
0.995033 0.0141835 -0.0985349 -5.04996 -0.014327 0.999897 -0.000749166 -1.23307 0.0985141 0.00215716 0.995133 73.1025
0.994933 0.0137023 -0.0996043 -5.12063 -0.0136077 0.999906 0.00162862 -1.25582 0.0996173 -0.000264987 0.995026 73.7515
0.994884 0.0110465 -0.100416 -5.17991 -0.0112298 0.999936 -0.00126046 -1.2745 0.100395 0.00238166 0.994945 74.3678
0.994941 0.00422583 -0.100376 -5.23536 -0.00486885 0.999969 -0.00616197 -1.29702 0.100346 0.00661951 0.994931 74.9797
0.995071 0.000405082 -0.0991616 -5.29479 -0.00151032 0.999938 -0.011071 -1.31555 0.0991509 0.0111662 0.99501 75.586
0.995365 0.0017803 -0.0961506 -5.34772 -0.00290107 0.99993 -0.0115179 -1.33287 0.0961233 0.0117435 0.9953 76.1446
0.995734 0.00688619 -0.0920146 -5.40887 -0.00773604 0.999931 -0.0088825 -1.34296 0.0919471 0.00955644 0.995718 76.7048
0.996147 0.00569014 -0.0875185 -5.45762 -0.00623922 0.999963 -0.00600164 -1.36455 0.0874811 0.00652456 0.996145 77.2613
0.996665 0.00114291 -0.0815935 -5.49485 -0.00129064 0.999998 -0.00175775 -1.37875 0.0815913 0.00185719 0.996664 77.7992
0.997325 -0.00386429 -0.0729941 -5.52344 0.00399916 0.999991 0.00170159 -1.40077 0.0729869 -0.00198895 0.997331 78.3355
0.998077 -0.000445336 -0.0619907 -5.55308 0.000568088 0.999998 0.00196256 -1.41447 0.0619897 -0.00199401 0.998075 78.8396
0.998901 0.00444437 -0.0466692 -5.5816 -0.00438158 0.999989 0.00144764 -1.42356 0.0466751 -0.00124156 0.998909 79.3404
0.999577 0.00895033 -0.0276866 -5.59529 -0.0089039 0.999959 0.00179965 -1.42895 0.0277016 -0.00155238 0.999615 79.8293
0.99995 0.00788297 -0.00618169 -5.58263 -0.00786835 0.999966 0.00238465 -1.44063 0.00620028 -0.00233589 0.999978 80.3028
0.999785 0.00376047 0.0203868 -5.55273 -0.0038315 0.999987 0.00344594 -1.45401 -0.0203735 -0.00352332 0.999786 80.7749
0.998755 0.00240731 0.0498356 -5.51033 -0.00266122 0.999984 0.00502934 -1.46398 -0.0498227 -0.0051557 0.998745 81.212
0.996576 0.00157059 0.0826729 -5.4508 -0.0021131 0.999977 0.00647504 -1.47254 -0.0826608 -0.00662756 0.996556 81.661
0.992663 0.00120696 0.120911 -5.37217 -0.00207945 0.999973 0.0070901 -1.48098 -0.120899 -0.00728951 0.992638 82.1108
